1.9393022
1.6108339
0.26360348
0.37986395
0.5598784
0.82973826
1.255707
1.4749552
1.60206
1.7328283
1.1307683
2.5228786
1.091515
1.1191864
2.8239088
2.8239088
0.9706162
2.8239088
3.30103
3.0
1.2006594
1.9393022
1.2924298
1.39794
0.8996294
1.3565474
1.462181
1.6197888
1.5228788
1.6675615
0.8827287
1.1106983
2.154902
1.6289321
1.1739252
1.6478175
1.0942041
1.309804
1.0996329
1.3665315
1.6108339
1.0996329
1.2076083
1.1972263
1.3819519
3.30103
3.30103
1.6882461
3.30103
1.769551
1.2636034
2.8239088
1.0555173
1.756962
3.30103
3.30103
2.455932
2.60206
2.09691
2.455932
1.2881927
0.6746896
1.4089354
2.0457575
1.782516
1.0245682
2.09691
1.7328283
3.30103
3.30103
2.1870866
2.09691
1.275724
1.3872161
1.0757207
0.9850596
1.0043648
2.1870866
3.0
2.39794
1.0655016
2.8239088
1.4814861
1.2881927
3.30103
1.4559319
3.30103
2.1870866
2.39794
1.154902
1.2006594
1.3819519
1.2146702
2.0457575
0.5977386
1.5228788
0.84618515
2.09691
0.6439741
1.139662
0.935542
1.530178
1.49485
2.60206
0.7972393
1.8239087
1.20412
0.838632
2.3467875
2.5228786
1.8696662
3.30103
2.30103
1.09691
2.5228786
2.3467875
1.0132283
0.9065783
1.7328283
2.39794
2.3467875
3.0
2.69897
1.6382722
0.8554258
1.69897
2.60206
2.455932
1.6882461
1.392545
1.2596374
2.60206
2.30103
1.1337126
0.8431481
0.5505216
1.3233064
1.20412
0.5792194
1.3565474
1.838632
1.6197888
1.0109954
2.8239088
1.1191864
2.2218487
2.0457575
0.75202674
3.30103
1.69897
2.8239088
2.09691
2.154902
1.7447275
2.154902
2.0457575
2.0222764
2.09691
2.8239088
1.0222764
1.8096683
1.3767507
2.0
1.5451552
1.3187587
3.30103
1.057992
2.30103
2.60206
1.8696662
1.4497716
2.60206
2.0457575
2.2218487
2.2218487
1.3565474
1.4377072
3.30103
2.30103
1.8696662
2.8239088
1.0338583
1.5686362
1.769551
1.35164
2.69897
1.7447275
1.0065638
2.30103
1.2798407
2.1870866
1.6882461
2.5228786
3.0
1.853872
1.5086383
0.82681376
1.4089354
3.30103
2.3467875
2.60206
2.39794
1.8696662
2.69897
2.1870866
2.09691
2.60206
3.0
2.8239088
3.0
3.0
2.5228786
1.6108339
2.0457575
3.30103
1.6382722
1.756962
2.154902
1.60206
2.30103
1.275724
1.4034029
3.30103
0.8507809
1.2403321
0.935542
2.39794
2.455932
1.1051303
2.1249387
2.455932
2.0457575
1.4685211
1.79588
1.756962
3.0
1.6197888
0.6615435
2.8239088
2.1870866
2.3467875
1.9586073
1.1580151
0.88107425
2.1249387
0.4516106
2.69897
1.251812
1.1611509
1.4814861
1.4202164
0.9665762
0.88438946
3.0
0.78914666
2.154902
2.3467875
1.4559319
2.39794
1.3716111
1.6882461
1.5451552
3.0
1.3819519
1.7447275
1.3053948
1.9788107
1.853872
2.30103
1.8239087
2.30103
1.091515
2.070581
2.3467875
0.9913998
2.0222764
1.1366771
1.3325471
1.3419886
3.30103
1.8239087
2.69897
1.1972263
1.2111249
3.30103
3.30103
2.5228786
3.0
3.30103
3.30103
3.0
2.8239088
3.30103
1.4749552
3.30103
3.30103
3.30103
3.30103
3.30103
3.30103
3.30103
3.30103
3.30103
2.09691
3.30103
3.30103
2.69897
3.30103
2.39794
3.30103
1.5016894
3.30103
3.30103
3.30103
1.180456
0.7682756
1.8696662
1.0087739
3.30103
3.30103
1.7099653
2.070581
3.30103
3.30103
1.1972263
2.154902
3.30103
3.30103
3.30103
3.30103
2.0457575
3.30103
3.30103
3.30103
3.30103
1.8860567
2.5228786
2.60206
3.0
3.30103
3.0
0.98716277
3.0
3.30103
1.2403321
3.30103
3.30103
2.8239088
3.30103
3.30103
2.8239088
3.30103
3.30103
1.2479516
1.8096683
2.60206
1.8860567
1.8696662
1.8696662
2.60206
2.39794
1.9208188
1.2596374
2.8239088
2.69897
1.3716111
1.6575773
3.30103
1.552842
1.4259688
1.90309
1.7447275
2.154902
1.3142582
1.19382
1.0655016
1.2076083
1.2441251
1.8696662
1.6777807
1.3665315
1.8239087
1.251812
2.2218487
2.30103
1.2403321
1.8860567
3.30103
1.79588
2.0
2.0
1.537602
2.39794
1.7447275
2.8239088
1.30103
1.9208188
2.1870866
1.7447275
1.6382722
1.5934598
2.09691
1.6575773
2.2218487
1.145694
1.6382722
1.3187587
1.1837587
2.1870866
1.0888424
1.4034029
1.1337126
2.154902
1.6777807
2.0222764
1.7328283
1.1518109
3.30103
1.3233064
2.070581
1.1106983
2.09691
1.853872
1.6575773
1.8096683
1.6478175
1.769551
3.30103
3.30103
1.1706963
2.8239088
1.3665315
1.769551
1.3716111
1.5016894
1.853872
2.0
2.3467875
1.5686362
3.30103
3.30103
3.30103
1.2798407
1.5086383
1.4145392
1.9788107
2.5228786
1.4436976
2.070581
1.79588
2.154902
0.9913998
1.2218487
2.0222764
2.30103
1.057992
1.6478175
1.9208188
1.4202164
2.69897
2.5228786
1.7447275
2.2596374
2.3467875
3.0
3.30103
1.7328283
2.0222764
3.0
3.30103
2.0222764
1.229148
2.0457575
3.0
1.60206
1.2146702
1.0065638
3.30103
2.1249387
2.1870866
1.309804
2.8239088
3.0
2.5228786
1.7099653
3.30103
3.30103
1.3279022
1.5016894
1.6289321
1.6675615
2.69897
1.4749552
3.30103
2.60206
1.537602
1.392545
1.1518109
1.0996329
2.8239088
1.5228788
1.6382722
3.0
1.9586073
1.5686362
2.8239088
3.30103
3.30103
2.8239088
1.9788107
1.756962
3.0
2.0457575
3.30103
2.5228786
2.69897
2.154902
2.5228786
1.8239087
1.7328283
3.30103
3.30103
2.69897
2.09691
1.0655016
1.3716111
1.6478175
1.2676063
1.69897
2.1870866
1.5850266
3.30103
3.30103
2.60206
2.2218487
1.6382722
2.39794
1.7212464
3.30103
1.2076083
2.1870866
3.30103
2.455932
3.30103
3.30103
3.0
1.9393022
3.30103
3.30103
2.1870866
1.3279022
1.8239087
2.070581
2.1249387
1.49485
3.30103
3.0
2.1870866
1.9208188
2.2218487
2.09691
2.8239088
1.853872
2.1870866
1.1307683
1.537602
2.0222764
2.1870866
2.5228786
2.8239088
1.838632
1.5767541
1.537602
1.769551
1.838632
2.30103
2.1249387
2.1249387
1.838632
3.0
2.0457575
2.69897
2.0222764
3.30103
2.60206
2.60206
3.0
2.8239088
2.39794
3.0
2.154902
2.0457575
2.30103
2.09691
3.30103
2.09691
2.1870866
1.6108339
2.154902
2.154902
2.69897
1.6675615
2.69897
2.455932
1.9208188
2.2218487
2.2218487
1.537602
2.5228786
1.8239087
1.35164
1.8860567
1.8860567
3.30103
1.4436976
3.30103
1.4881166
2.2596374
1.9788107
2.8239088
1.756962
2.0
2.3467875
1.255707
2.0222764
3.0
2.5228786
2.60206
3.0
1.9208188
3.30103
2.8239088
3.30103
2.0
3.30103
1.5686362
0.81247926
2.69897
1.838632
3.0
1.6289321
2.2596374
1.8096683
1.8096683
1.8096683
2.30103
3.30103
2.30103
3.30103
2.2218487
2.070581
2.8239088
1.145694
1.3372421
1.3615108
1.3187587
1.8696662
0.97881067
1.6197888
1.09691
2.8239088
1.79588
1.3325471
1.6882461
1.838632
1.5157001
1.7447275
1.6108339
2.2596374
3.0
2.69897
3.0
1.6197888
1.9208188
2.1870866
3.0
1.6675615
3.30103
2.0222764
2.1249387
1.69897
1.6575773
1.4436976
1.9586073
3.0
1.9586073
2.09691
1.530178
0.94119453
1.0132283
1.79588
2.69897
1.853872
3.30103
2.1249387
1.7212464
1.9393022
2.8239088
1.6575773
1.3419886
2.3467875
3.30103
2.69897
2.69897
2.8239088
1.4145392
3.30103
2.2596374
1.8239087
2.1870866
1.8696662
2.69897
2.1249387
3.0
1.3767507
1.9208188
3.30103
2.154902
1.083546
1.6108339
3.30103
1.0942041
2.60206
1.6197888
2.2218487
2.60206
3.0
1.9788107
3.30103
3.30103
2.30103
1.5016894
1.9393022
2.070581
1.5606673
2.455932
1.275724
1.9586073
1.05061
1.4145392
2.60206
2.1870866
2.2218487
2.2596374
2.8239088
2.5228786
1.1580151
3.0
2.0457575
1.769551
1.530178
1.9208188
3.0
3.30103
1.782516
3.30103
1.2111249
1.255707
1.9208188
1.5228788
1.5086383
1.1307683
2.0
2.0
1.756962
2.30103
1.6777807
1.39794
2.69897
2.0457575
1.9788107
1.6882461
1.853872
2.154902
1.8096683
1.6675615
2.455932
1.79588
2.154902
1.60206
1.6882461
1.7328283
2.070581
3.0
2.2596374
2.8239088
1.8239087
3.0
2.5228786
2.3467875
3.30103
2.8239088
1.275724
1.1972263
1.69897
1.6197888
1.251812
2.070581
3.30103
1.2839967
2.154902
1.4436976
1.769551
1.537602
1.6108339
1.9586073
1.5934598
2.8239088
1.30103
1.8239087
1.79588
1.462181
2.30103
2.5228786
2.09691
3.30103
2.3467875
2.1870866
1.0655016
1.4559319
2.0457575
2.69897
3.30103
2.0457575
3.0
2.5228786
3.30103
3.30103
3.30103
3.30103
3.30103
3.30103
3.30103
3.30103
1.9788107
3.30103
3.0
3.30103
2.8239088
1.4089354
2.8239088
1.4377072
1.7447275
1.4034029
3.30103
3.30103
2.8239088
3.0
2.2218487
1.6197888
3.0
3.0
1.5228788
1.3819519
3.0
1.782516
1.6197888
2.0222764
1.462181
1.3819519
1.9393022
1.69897
1.4685211
1.537602
1.5157001
1.9586073
1.782516
1.4814861
3.30103
1.6382722
1.1904403
3.30103
1.7212464
1.9586073
1.5451552
1.49485
2.0222764
1.2924298
2.1249387
1.229148
1.2146702
2.5228786
1.9788107
1.7212464
1.6289321
2.0457575
1.9586073
1.5016894
2.5228786
2.455932
2.30103
1.9208188
2.0457575
2.8239088
2.8239088
1.5606673
2.3467875
1.236572
3.0
1.79588
2.455932
2.1249387
1.853872
1.79588
2.5228786
1.782516
1.769551
1.853872
3.30103
2.3467875
2.455932
2.0457575
1.9788107
2.455932
2.30103
1.39794
1.838632
2.5228786
1.6382722
2.154902
2.154902
1.8860567
1.8096683
1.8096683
2.154902
2.2596374
1.3819519
2.5228786
1.6882461
2.69897
1.4145392
1.9788107
1.4497716
3.30103
3.30103
2.0
2.69897
2.30103
2.8239088
3.0
3.0
2.1870866
2.5228786
2.39794
2.2596374
1.9208188
2.8239088
1.7328283
1.782516
3.30103
2.070581
1.90309
1.9208188
2.39794
1.7212464
2.30103
2.154902
1.79588
3.0
2.60206
1.8096683
1.2254831
2.09691
1.39794
2.154902
2.2596374
2.3467875
2.0222764
1.756962
1.8696662
2.0222764
1.782516
2.09691
2.2596374
2.0222764
1.6478175
3.30103
3.30103
2.60206
1.537602
1.6675615
1.838632
2.455932
3.0
1.7212464
2.0
1.1337126
1.79588
1.2924298
1.49485
1.7328283
1.5850266
1.5606673
2.0222764
2.070581
3.30103
2.455932
2.154902
1.8239087
3.0
2.3467875
2.69897
2.2218487
1.5016894
2.30103
2.0222764
2.39794
2.69897
3.30103
2.39794
1.9586073
2.30103
2.39794
3.30103
3.0
3.30103
3.30103
3.30103
2.0222764
2.154902
2.60206
3.0
2.30103
2.60206
3.0
3.30103
2.070581
2.30103
2.070581
1.8239087
1.9393022
2.69897
1.6382722
1.7447275
2.3467875
2.5228786
2.3467875
1.9208188
1.6478175
1.530178
1.9788107
1.6882461
1.6108339
1.9393022
2.69897
2.1870866
1.6382722
1.69897
1.1904403
1.8860567
3.30103
1.3372421
2.154902
3.30103
1.8096683
2.8239088
1.6382722
3.0
3.0
2.070581
2.070581
1.8239087
3.30103
2.39794
2.0457575
2.69897
2.5228786
3.30103
1.49485
1.7328283
3.30103
3.0
3.30103
1.90309
2.154902
1.8096683
1.9208188
1.5850266
1.5451552
2.09691
3.30103
3.30103
2.30103
2.39794
1.7328283
1.9393022
3.30103
2.5228786
2.39794
3.30103
3.30103
1.782516
2.5228786
1.90309
2.3467875
2.8239088
2.0222764
1.8696662
1.8860567
1.4814861
1.782516
2.69897
3.30103
2.0
1.6108339
3.30103
2.69897
1.79588
2.1870866
2.0457575
1.782516
3.30103
3.30103
2.0222764
3.30103
1.7328283
1.275724
1.9208188
1.769551
1.6382722
2.070581
2.455932
3.30103
1.3233064
2.39794
1.838632
2.8239088
3.0
1.69897
2.0457575
3.0
1.838632
2.0457575
3.30103
1.9393022
1.7099653
2.455932
0.92081875
1.9586073
2.5228786
2.8239088
2.69897
1.6108339
2.2596374
2.3467875
1.90309
2.69897
3.30103
1.853872
2.8239088
2.8239088
2.09691
1.7447275
3.30103
1.90309
2.1870866
2.455932
2.3467875
2.455932
2.455932
2.60206
2.070581
3.0
2.5228786
2.09691
2.60206
1.79588
3.30103
3.30103
2.0457575
2.455932
3.30103
3.0
2.69897
2.0222764
1.5767541
1.9208188
1.2479516
1.9788107
2.455932
1.6478175
2.39794
3.30103
1.5086383
2.070581
1.782516
3.0
2.30103
2.60206
2.0222764
2.0
3.0
1.6382722
2.69897
2.1870866
2.070581
2.8239088
1.4497716
2.154902
3.0
2.39794
2.39794
2.1870866
2.3467875
1.4749552
1.90309
2.30103
3.30103
1.3716111
1.6777807
2.5228786
2.39794
2.8239088
1.853872
2.39794
2.69897
2.5228786
1.90309
2.8239088
2.69897
2.60206
2.1870866
3.30103
2.8239088
1.9586073
1.9393022
1.3372421
2.1870866
3.30103
2.455932
3.30103
3.30103
3.30103
1.7099653
3.0
3.30103
2.60206
3.30103
1.8696662
2.0222764
2.0
2.69897
1.6777807
2.8239088
2.39794
2.8239088
1.6289321
1.9393022
3.30103
3.30103
1.3819519
2.1870866
2.30103
2.69897
1.9208188
2.60206
2.30103
2.60206
3.30103
3.30103
3.30103
3.30103
2.69897
2.39794
3.30103
1.9208188
1.8239087
2.1870866
1.9586073
1.9393022
3.0
2.69897
1.5451552
3.30103
3.30103
2.09691
1.8696662
2.3467875
1.838632
2.2218487
2.2218487
2.2218487
1.9788107
2.2596374
1.8696662
2.2596374
2.60206
1.9393022
2.5228786
2.5228786
3.0
2.69897
2.5228786
2.69897
3.30103
3.0
2.69897
2.2596374
3.0
3.0
1.091515
2.2218487
2.1249387
3.0
2.69897
2.60206
3.30103
3.0
1.769551
2.8239088
1.6478175
2.60206
1.9393022
2.070581
2.8239088
2.1870866
1.8239087
3.0
2.69897
2.39794
1.1972263
2.5228786
3.0
2.60206
3.0
3.30103
3.30103
1.782516
1.4202164
3.30103
1.7447275
3.30103
3.30103
2.8239088
2.30103
1.7328283
3.30103
2.39794
2.1870866
1.6108339
3.30103
1.6675615
2.69897
3.30103
3.30103
1.8096683
2.3467875
2.09691
1.8860567
2.39794
3.30103
2.455932
3.30103
2.2596374
2.0
2.3467875
3.30103
2.60206
2.39794
2.3467875
2.8239088
3.30103
3.0
1.4559319
2.5228786
2.2596374
2.09691
1.9208188
1.5850266
2.69897
2.30103
1.4202164
2.1249387
2.1870866
1.90309
1.69897
1.8239087
3.0
3.30103
3.30103
2.455932
1.769551
3.30103
3.30103
3.0
2.8239088
2.1249387
1.9208188
1.69897
2.60206
2.2218487
2.8239088
3.0
2.8239088
2.5228786
1.756962
2.070581
1.782516
1.4814861
2.1249387
3.30103
1.7212464
2.60206
2.070581
3.0
2.5228786
3.30103
2.0
2.60206
1.5767541
3.0
1.39794
1.5850266
3.30103
3.30103
2.8239088
3.0
3.30103
3.0
3.30103
2.5228786
2.0222764
3.0
3.30103
2.09691
2.09691
2.69897
1.552842
2.0222764
3.30103
2.5228786
1.769551
3.30103
3.0
2.5228786
3.0
2.30103
2.2596374
2.60206
2.69897
2.0457575
1.782516
2.070581
2.60206
2.5228786
3.0
3.30103
2.2596374
3.30103
3.0
2.39794
3.0
1.7212464
2.070581
2.154902
1.6777807
1.8860567
2.09691
2.69897
2.8239088
3.30103
1.9788107
2.39794
1.69897
3.30103
3.30103
3.30103
3.30103
2.2596374
3.30103
3.30103
2.154902
1.838632
1.4317982
1.8860567
1.60206
2.39794
2.69897
3.30103
1.8239087
2.5228786
2.070581
1.6478175
1.6197888
2.455932
2.8239088
3.30103
1.756962
1.5228788
2.69897
3.30103
3.0
3.0
1.9586073
2.154902
2.8239088
3.30103
3.30103
3.30103
3.0
3.30103
2.60206
1.7212464
2.455932
3.0
1.8096683
2.39794
1.8239087
2.8239088
2.30103
2.0
3.30103
3.0
2.30103
3.30103
3.30103
2.8239088
2.2218487
3.0
3.0
3.30103
1.8239087
2.8239088
2.69897
2.8239088
2.69897
3.0
3.30103
3.30103
2.8239088
2.60206
2.2218487
3.30103
2.0222764
3.0
3.0
2.1870866
2.0222764
2.0457575
3.30103
3.30103
2.2218487
2.30103
3.30103
2.39794
2.2596374
1.69897
1.79588
1.9788107
3.0
2.5228786
2.1249387
3.30103
2.154902
1.90309
2.69897
3.0
2.69897
3.30103
2.1870866
1.9586073
1.8696662
3.30103
2.5228786
3.30103
3.30103
1.083546
3.0
3.30103
1.7447275
1.5157001
2.69897
3.0
3.30103
1.4814861
2.30103
1.4145392
1.7447275
2.1249387
2.8239088
2.69897
2.3467875
2.5228786
3.30103
2.09691
3.30103
1.8860567
2.5228786
2.5228786
3.30103
2.8239088
3.0
2.1249387
2.69897
2.2218487
3.0
3.0
3.30103
2.60206
2.455932
2.39794
2.455932
3.30103
2.455932
3.30103
2.070581
3.30103
3.0
1.8696662
1.756962
3.0
2.5228786
1.6882461
2.39794
1.5767541
3.0
3.0
3.30103
3.30103
1.9393022
2.1870866
1.7212464
1.90309
1.7212464
2.60206
2.0222764
2.1249387
3.30103
2.60206
2.1870866
3.30103
2.2218487
3.30103
2.5228786
2.30103
1.4685211
3.30103
1.9586073
2.5228786
1.782516
1.6108339
2.39794
3.0
2.3467875
2.09691
3.30103
2.39794
2.69897
2.2218487
2.1249387
2.8239088
3.30103
2.455932
1.782516
2.69897
2.39794
3.30103
2.09691
2.8239088
3.30103
2.1870866
2.60206
2.070581
3.30103
2.455932
3.0
3.0
2.60206
1.8239087
3.0
2.60206
2.8239088
2.1249387
2.8239088
2.60206
3.30103
2.0222764
1.7328283
1.9393022
2.30103
3.30103
1.8696662
2.5228786
1.49485
3.30103
1.5686362
1.5934598
1.90309
1.90309
1.8239087
1.8696662
2.60206
1.782516
1.4749552
3.0
2.60206
2.070581
2.5228786
3.30103
3.30103
2.1249387
2.2218487
3.30103
2.39794
2.2596374
3.30103
3.30103
2.60206
2.154902
3.30103
3.30103
3.30103
2.8239088
3.30103
2.5228786
2.5228786
1.7447275
1.9788107
1.3325471
3.30103
3.30103
3.0
1.90309
2.2596374
2.8239088
2.5228786
2.5228786
3.30103
2.69897
2.8239088
3.30103
2.0
2.154902
2.154902
3.30103
3.30103
3.30103
3.30103
2.39794
2.3467875
1.6882461
3.0
1.853872
2.60206
1.9586073
2.0
2.2596374
2.60206
3.0
2.8239088
3.0
3.30103
3.30103
3.30103
2.3467875
1.49485
2.69897
1.9788107
1.5606673
2.30103
3.30103
3.0
3.30103
2.39794
2.2218487
1.2328441
2.30103
1.8860567
2.154902
1.4377072
2.0457575
2.5228786
2.3467875
3.0
2.3467875
3.30103
3.30103
2.8239088
3.30103
2.69897
1.4559319
3.30103
2.3467875
2.60206
2.1249387
3.30103
3.30103
3.0
2.1249387
2.30103
2.0
2.69897
3.30103
2.5228786
3.30103
2.8239088
3.0
2.8239088
3.30103
3.30103
1.853872
3.30103
2.455932
1.838632
3.30103
2.5228786
3.30103
3.30103
1.853872
2.455932
1.6575773
2.30103
1.60206
2.455932
3.0
2.0457575
2.8239088
3.30103
1.769551
2.60206
2.0
2.09691
2.60206
2.2218487
3.30103
3.30103
2.2218487
3.30103
2.455932
3.0
3.30103
1.9788107
2.5228786
1.9393022
3.0
3.0
2.455932
2.69897
2.5228786
3.30103
3.0
2.070581
3.30103
3.30103
2.5228786
3.30103
3.0
2.69897
1.4685211
2.455932
2.5228786
3.0
3.0
3.30103
1.853872
3.0
1.9208188
2.5228786
3.30103
2.8239088
2.154902
2.8239088
2.455932
2.69897
2.3467875
3.30103
3.0
2.60206
2.2596374
2.8239088
3.0
2.455932
2.69897
2.2218487
2.39794
2.5228786
2.3467875
2.455932
2.8239088
3.30103
2.8239088
3.30103
2.5228786
2.455932
3.30103
1.8096683
3.30103
3.0
2.3467875
3.0
2.5228786
2.2596374
1.1674911
3.30103
2.0222764
1.9586073
2.070581
3.30103
3.30103
3.30103
3.30103
1.3872161
1.90309
2.0222764
3.0
2.0457575
2.455932
1.9586073
3.30103
3.0
2.0
2.1249387
3.30103
3.30103
2.154902
3.30103
3.30103
2.8239088
2.69897
2.2218487
2.8239088
2.8239088
2.60206
2.154902
3.30103
2.455932
3.30103
0.9978339
2.8239088
2.30103
2.60206
2.8239088
2.60206
3.30103
2.8239088
2.3467875
3.0
2.5228786
3.30103
3.30103
2.69897
3.0
3.30103
3.30103
2.3467875
3.30103
2.0457575
2.69897
3.30103
2.39794
3.30103
2.69897
3.30103
3.30103
2.60206
3.30103
2.8239088
3.0
3.30103
2.30103
3.30103
3.30103
3.30103
3.30103
2.60206
1.8239087
3.30103
2.5228786
3.30103
2.5228786
3.0
2.69897
3.30103
2.60206
3.30103
2.8239088
2.60206
3.30103
3.30103
3.30103
2.8239088
2.3467875
2.69897
1.90309
1.7328283
3.0
2.8239088
2.0457575
3.30103
2.09691
2.2596374
3.30103
1.7099653
3.30103
3.30103
3.30103
2.39794
3.0
2.5228786
2.69897
3.0
2.070581
1.9586073
2.1249387
3.30103
1.90309
2.69897
1.6882461
3.0
3.30103
2.60206
2.60206
2.2596374
3.30103
2.69897
3.30103
2.30103
3.30103
2.30103
2.69897
3.30103
1.8860567
3.0
3.30103
3.0
2.5228786
2.3467875
1.782516
3.30103
2.8239088
2.60206
2.30103
3.30103
2.5228786
2.8239088
3.30103
2.8239088
3.30103
3.30103
3.30103
2.69897
2.69897
3.30103
2.39794
2.69897
2.5228786
3.30103
1.8096683
3.0
2.60206
3.30103
2.070581
3.30103
3.30103
2.2596374
3.30103
1.90309
2.8239088
3.0
1.79588
2.8239088
3.30103
1.9208188
2.8239088
1.79588
2.69897
2.1870866
2.154902
3.30103
3.0
2.8239088
2.5228786
2.2596374
1.6197888
3.30103
2.1249387
2.8239088
2.8239088
2.1249387
2.69897
1.8096683
2.455932
2.5228786
1.853872
3.30103
3.30103
2.60206
3.30103
2.8239088
2.39794
3.0
2.455932
2.5228786
3.30103
3.30103
3.0
3.0
1.769551
3.30103
1.756962
2.8239088
2.3467875
3.30103
2.0
2.39794
3.0
3.0
2.455932
2.8239088
3.0
3.30103
2.2218487
2.60206
3.30103
3.30103
2.60206
3.30103
1.5016894
2.39794
1.8096683
1.8860567
2.69897
3.30103
3.30103
2.09691
2.070581
2.0222764
3.0
3.30103
2.39794
2.39794
1.8696662
2.0222764
2.60206
3.30103
2.5228786
2.154902
3.30103
3.30103
3.0
2.8239088
3.30103
3.30103
2.5228786
3.30103
3.0
2.2596374
3.30103
2.455932
3.0
2.455932
3.0
1.1611509
3.30103
3.30103
3.0
2.5228786
3.0
3.0
2.455932
2.69897
2.2218487
2.455932
2.455932
3.30103
3.30103
3.0
3.30103
2.60206
3.30103
3.0
3.30103
2.154902
3.30103
3.0
3.30103
2.5228786
2.69897
3.30103
2.8239088
3.0
2.60206
3.30103
3.30103
1.8860567
3.30103
2.154902
3.30103
1.9788107
3.30103
3.30103
2.60206
2.455932
2.0
2.3467875
2.8239088
1.9788107
3.0
3.30103
2.455932
3.30103
2.8239088
2.5228786
3.30103
2.39794
2.5228786
1.782516
3.0
3.0
2.69897
2.1249387
1.6478175
3.0
3.0
3.30103
2.2218487
3.30103
3.30103
3.0
3.30103
3.30103
3.30103
2.5228786
2.8239088
2.1249387
2.69897
2.8239088
1.6882461
2.69897
2.1870866
2.39794
2.8239088
1.7328283
2.69897
3.0
3.0
2.1870866
2.69897
2.8239088
2.8239088
1.6478175
2.5228786
1.9586073
3.30103
2.69897
3.0
2.8239088
2.2596374
2.60206
1.9788107
2.1249387
3.0
2.8239088
2.09691
2.39794
2.0222764
1.782516
2.5228786
2.0
2.8239088
3.30103
3.30103
3.0
2.1870866
1.9586073
2.69897
3.0
2.8239088
2.5228786
3.30103
2.8239088
3.30103
2.8239088
3.30103
2.1249387
2.0457575
2.8239088
2.2596374
2.60206
2.30103
2.3467875
2.1249387
1.9208188
2.3467875
1.9788107
2.8239088
2.455932
3.0
3.30103
2.8239088
2.8239088
1.9586073
2.8239088
3.0
2.0457575
3.30103
2.60206
2.5228786
2.3467875
2.1870866
2.09691
2.69897
1.9788107
3.30103
1.853872
3.30103
2.69897
2.5228786
3.30103
3.30103
2.5228786
2.1249387
1.9586073
3.30103
2.8239088
2.39794
2.8239088
2.60206
2.8239088
2.60206
1.838632
2.3467875
2.09691
2.154902
2.2218487
2.69897
1.9788107
2.1870866
2.3467875
2.3467875
2.8239088
2.154902
3.30103
3.30103
2.60206
2.8239088
2.8239088
3.30103
3.30103
3.30103
2.8239088
3.30103
3.30103
3.0
3.30103
2.69897
3.30103
1.9208188
3.0
3.30103
2.070581
3.0
3.0
2.09691
2.69897
3.30103
2.39794
2.154902
3.0
3.30103
3.30103
3.0
3.30103
3.30103
2.5228786
3.30103
2.8239088
3.30103
3.30103
2.60206
3.0
2.09691
1.8860567
2.5228786
3.30103
3.30103
3.30103
3.30103
2.69897
3.30103
2.8239088
3.30103
3.30103
3.30103
3.30103
3.30103
2.60206
3.0
2.8239088
2.455932
3.30103
3.0
2.60206
2.8239088
3.0
2.39794
3.30103
2.60206
2.3467875
3.0
3.30103
3.30103
3.0
3.30103
3.30103
3.30103
3.30103
3.30103
3.30103
2.154902
3.30103
3.30103
3.30103
3.30103
2.0
2.455932
3.0
2.2596374
3.0
3.30103
3.30103
3.0
3.30103
3.30103
3.30103
2.60206
2.455932
2.1870866
2.8239088
3.30103
3.30103
3.30103
3.30103
2.69897
3.30103
2.5228786
2.8239088
2.0
2.30103
2.8239088
2.1870866
3.0
2.5228786
3.30103
3.30103
3.0
2.455932
3.30103
2.8239088
1.7212464
3.30103
1.79588
2.09691
2.1870866
2.5228786
3.0
2.5228786
3.30103
2.60206
2.5228786
3.30103
3.30103
2.60206
2.0
3.30103
2.09691
2.154902
3.0
2.2218487
3.0
3.30103
2.0457575
3.0
3.30103
3.30103
2.455932
3.30103
3.30103
3.30103
3.30103
3.30103
3.30103
3.0
2.60206
2.60206
2.39794
2.69897
2.3467875
2.39794
2.8239088
3.30103
2.2596374
2.60206
2.1249387
3.0
2.60206
1.79588
1.8096683
2.30103
2.8239088
2.69897
2.69897
2.1870866
3.0
2.070581
2.09691
2.2218487
2.69897
2.5228786
3.30103
2.2218487
2.0
2.8239088
3.30103
3.30103
2.0
2.3467875
3.30103
2.09691
3.30103
2.8239088
3.0
3.30103
2.1249387
2.60206
2.60206
2.69897
3.30103
3.30103
2.455932
3.0
2.60206
2.5228786
2.69897
2.5228786
2.5228786
2.60206
2.60206
2.69897
1.7447275
2.69897
2.2596374
3.30103
3.0
3.30103
2.1249387
2.60206
3.30103
3.30103
2.69897
3.0
3.0
2.2218487
3.30103
3.30103
2.8239088
3.0
2.2596374
3.0
3.0
2.09691
2.1249387
2.3467875
3.30103
2.3467875
2.5228786
2.8239088
3.0
3.30103
3.30103
3.30103
3.30103
3.0
3.30103
3.0
2.154902
3.30103
2.455932
2.2596374
2.30103
2.0
3.0
3.30103
2.3467875
2.5228786
3.0
3.30103
2.5228786
1.7212464
2.3467875
3.30103
2.455932
3.0
2.69897
3.30103
3.0
3.0
3.0
3.30103
3.0
2.2596374
2.3467875
2.39794
3.0
3.0
2.39794
2.8239088
2.3467875
3.30103
2.60206
3.30103
1.9586073
2.2218487
1.9393022
3.30103
2.8239088
2.2596374
3.0
3.30103
3.30103
2.09691
3.30103
3.30103
3.30103
3.30103
2.69897
2.8239088
2.1249387
3.30103
3.30103
2.5228786
3.30103
2.39794
1.9393022
2.69897
2.8239088
2.1249387
2.09691
2.60206
2.5228786
2.30103
3.0
3.30103
2.39794
3.30103
3.30103
3.30103
2.09691
2.455932
3.0
2.69897
3.30103
3.30103
3.30103
3.30103
3.30103
2.60206
3.30103
2.5228786
2.39794
2.5228786
2.8239088
3.30103
1.9208188
3.0
3.30103
3.0
2.30103
2.455932
2.8239088
2.69897
3.0
2.69897
2.60206
2.09691
2.154902
2.1870866
2.5228786
2.30103
3.30103
2.8239088
3.30103
2.69897
2.5228786
1.9208188
2.5228786
2.455932
3.30103
3.30103
2.60206
3.30103
3.0
1.8096683
2.39794
2.154902
2.455932
2.3467875
2.070581
3.30103
3.30103
3.30103
3.30103
3.30103
2.455932
3.0
3.0
3.30103
3.30103
1.853872
3.0
3.0
2.8239088
2.60206
2.455932
1.838632
2.2596374
2.8239088
2.39794
3.30103
3.30103
3.30103
3.30103
3.30103
3.30103
3.30103
3.30103
3.30103
3.30103
3.30103
3.0
2.69897
3.0
3.30103
3.30103
3.30103
3.30103
2.2218487
3.0
2.60206
3.30103
3.30103
3.30103
3.30103
3.30103
3.30103
2.8239088
3.0
3.30103
2.69897
2.0457575
3.0
3.30103
3.30103
2.5228786
2.1870866
2.8239088
3.0
3.30103
3.0
3.30103
2.69897
2.455932
2.1249387
2.8239088
3.0
2.69897
1.9208188
3.0
3.30103
3.0
2.69897
3.30103
3.30103
2.2218487
2.8239088
3.0
3.30103
3.30103
3.0
3.30103
2.69897
3.30103
2.455932
2.8239088
3.30103
2.39794
3.30103
3.30103
2.3467875
3.30103
3.0
2.60206
3.30103
2.2596374
3.30103
2.8239088
2.8239088
3.30103
2.5228786
3.30103
3.30103
3.0
3.30103
2.5228786
3.0
2.3467875
3.30103
3.30103
2.2218487
3.30103
2.60206
3.30103
3.30103
3.0
3.0
2.8239088
2.8239088
2.60206
2.30103
2.2596374
2.5228786
2.69897
2.1249387
2.8239088
3.30103
1.9586073
3.30103
2.39794
2.8239088
3.0
3.0
2.8239088
3.0
2.5228786
2.69897
2.5228786
2.8239088
3.30103
2.154902
2.3467875
3.0
2.69897
3.0
1.838632
2.154902
2.455932
2.8239088
3.0
2.60206
3.30103
2.39794
2.1870866
3.30103
3.30103
3.30103
3.0
3.0
2.154902
2.69897
3.0
3.30103
3.30103
3.0
2.455932
2.69897
3.30103
3.0
3.30103
3.0
3.30103
1.9788107
3.30103
3.30103
2.8239088
3.0
3.0
3.30103
3.30103
2.8239088
3.30103
2.60206
3.30103
2.455932
3.0
2.69897
3.30103
2.0
2.8239088
3.30103
3.30103
3.30103
3.30103
3.30103
3.30103
2.2218487
3.30103
2.39794
3.30103
2.30103
2.8239088
3.0
2.30103
2.2596374
1.8239087
2.8239088
3.0
3.30103
2.1249387
3.0
2.5228786
2.39794
2.154902
2.8239088
3.0
2.3467875
3.30103
2.3467875
2.5228786
2.8239088
3.30103
3.30103
3.0
2.69897
2.69897
3.0
1.5850266
2.2596374
3.30103
3.30103
3.30103
3.30103
3.30103
3.30103
3.30103
3.30103
3.0
2.154902
3.30103
2.8239088
3.0
3.30103
2.5228786
2.3467875
3.0
3.30103
3.30103
3.30103
3.30103
3.30103
3.30103
3.0
3.30103
3.30103
2.69897
3.30103
3.0
2.60206
2.09691
3.30103
3.30103
3.30103
2.5228786
3.0
2.69897
2.455932
3.30103
3.30103
2.60206
2.455932
3.0
3.0
2.69897
2.60206
2.30103
2.8239088
3.0
2.455932
2.5228786
2.0
2.60206
3.0
1.756962
2.39794
2.60206
3.30103
3.0
2.5228786
3.30103
2.60206
3.30103
2.8239088
2.8239088
2.60206
3.30103
2.8239088
3.0
2.69897
3.0
1.8860567
3.30103
1.9393022
2.8239088
3.30103
2.0
2.69897
2.39794
2.30103
2.2596374
3.0
3.0
3.0
3.30103
3.0
2.30103
2.8239088
2.2596374
2.455932
3.30103
3.30103
2.8239088
3.30103
3.0
3.30103
2.2596374
3.0
2.60206
2.455932
3.30103
3.0
3.30103
3.30103
3.30103
3.0
2.5228786
2.5228786
3.30103
2.1249387
3.30103
3.30103
3.0
3.0
2.8239088
3.30103
3.0
3.30103
3.30103
3.30103
3.30103
3.0
3.30103
3.30103
2.2218487
2.5228786
2.1870866
2.5228786
3.30103
2.455932
2.60206
2.69897
2.8239088
3.30103
3.30103
3.0
2.1249387
2.8239088
2.30103
2.8239088
3.0
2.8239088
3.30103
2.69897
3.0
2.69897
2.3467875
3.0
2.69897
3.30103
3.0
3.30103
2.5228786
3.30103
3.0
3.30103
3.30103
3.30103
3.30103
2.09691
2.1870866
2.8239088
3.30103
3.30103
2.8239088
2.455932
3.0
2.69897
2.60206
3.30103
2.60206
2.8239088
3.30103
3.30103
3.0
2.69897
3.30103
2.69897
3.30103
3.30103
3.30103
3.30103
3.30103
3.0
2.69897
3.30103
2.69897
3.30103
3.30103
3.0
3.0
3.30103
2.1870866
3.30103
2.60206
2.69897
2.39794
2.8239088
2.60206
2.5228786
2.8239088
2.39794
3.30103
2.39794
3.0
2.09691
3.30103
3.30103
3.30103
3.0
3.30103
3.30103
2.8239088
3.30103
3.30103
3.30103
2.455932
3.30103
2.5228786
3.0
2.5228786
2.09691
2.69897
2.070581
3.0
2.0222764
2.8239088
3.30103
2.60206
3.30103
3.30103
2.455932
2.8239088
3.30103
3.30103
2.39794
2.69897
3.30103
3.30103
2.8239088
3.30103
2.60206
3.0
3.30103
3.0
3.30103
3.0
1.9788107
2.2596374
3.0
2.1249387
3.30103
3.30103
3.0
3.30103
3.30103
3.0
3.0
2.2218487
3.30103
3.30103
3.30103
2.0
3.30103
3.0
2.8239088
2.69897
3.30103
3.0
2.39794
2.5228786
2.8239088
3.30103
2.69897
2.8239088
2.60206
2.154902
2.455932
2.60206
3.30103
2.60206
2.8239088
3.30103
2.69897
2.1870866
3.30103
3.30103
2.60206
2.60206
2.69897
3.0
2.60206
2.69897
3.30103
2.5228786
2.8239088
2.3467875
3.30103
3.0
2.8239088
2.8239088
3.0
3.30103
3.30103
3.30103
2.5228786
3.30103
3.0
2.60206
3.30103
2.69897
3.30103
2.8239088
3.30103
2.8239088
3.30103
2.69897
3.30103
3.30103
3.30103
2.60206
3.30103
3.0
3.30103
3.30103
2.39794
2.60206
3.0
2.39794
1.8096683
2.60206
3.30103
2.69897
3.0
3.0
2.30103
3.30103
2.8239088
3.30103
3.0
2.5228786
3.30103
2.455932
2.30103
2.8239088
1.853872
2.60206
3.0
2.8239088
3.30103
2.2218487
3.30103
3.0
3.30103
3.30103
3.30103
3.30103
3.30103
3.0
3.0
3.30103
3.30103
2.1870866
2.69897
3.30103
3.30103
3.0
3.0
3.30103
3.0
3.30103
3.30103
2.8239088
2.8239088
3.0
3.0
1.853872
3.30103
2.455932
3.30103
3.30103
3.30103
3.30103
2.455932
3.30103
2.2596374
2.455932
2.5228786
2.60206
2.60206
2.69897
2.30103
2.69897
2.69897
3.0
3.0
3.30103
2.69897
2.455932
3.30103
1.853872
2.30103
3.30103
2.8239088
2.5228786
3.30103
2.60206
2.60206
1.7212464
2.8239088
3.0
2.8239088
3.0
2.69897
2.69897
2.60206
3.30103
2.69897
2.5228786
2.1870866
3.30103
3.0
2.8239088
3.0
3.0
3.30103
3.0
2.69897
3.30103
2.69897
2.8239088
2.455932
2.69897
2.69897
2.60206
2.0222764
2.5228786
2.0222764
3.0
2.69897
3.30103
3.30103
2.8239088
3.30103
2.39794
3.30103
3.30103
2.8239088
3.0
3.30103
3.0
3.0
3.30103
3.30103
3.0
3.0
3.30103
3.30103
2.455932
3.30103
3.30103
3.0
3.30103
2.39794
2.3467875
2.69897
3.30103
3.30103
3.30103
3.30103
3.30103
3.30103
2.8239088
2.60206
3.30103
2.1870866
3.30103
3.0
3.30103
3.0
2.60206
3.0
3.0
3.30103
3.30103
2.69897
2.8239088
3.30103
2.8239088
3.0
2.69897
2.69897
3.30103
3.30103
2.30103
3.0
2.60206
2.0222764
3.0
2.30103
2.2218487
3.30103
3.30103
2.8239088
2.3467875
3.30103
2.39794
3.0
2.5228786
3.30103
2.154902
2.5228786
3.0
3.30103
3.30103
3.30103
2.60206
2.69897
3.30103
3.0
3.30103
3.30103
3.0
2.455932
3.0
3.0
3.0
2.8239088
3.30103
3.30103
3.0
3.0
2.60206
3.0
3.30103
3.30103
3.30103
2.69897
3.30103
3.30103
3.0
3.0
2.39794
3.30103
3.30103
2.60206
2.8239088
2.60206
2.69897
2.455932
3.30103
3.30103
2.60206
2.2596374
2.30103
3.30103
3.30103
3.30103
3.0
3.30103
2.60206
3.30103
2.8239088
3.30103
2.60206
3.30103
3.30103
2.455932
3.30103
2.8239088
3.30103
3.30103
2.8239088
3.0
3.30103
3.0
2.5228786
3.30103
2.69897
2.2596374
3.30103
2.69897
3.30103
2.39794
3.30103
2.5228786
3.30103
2.5228786
3.30103
3.30103
3.0
3.30103
3.30103
3.30103
2.2218487
3.0
2.60206
2.30103
3.30103
2.5228786
3.30103
3.30103
3.30103
2.69897
3.30103
3.30103
3.0
3.30103
3.30103
3.30103
3.30103
3.30103
3.30103
2.3467875
3.30103
3.0
2.8239088
3.30103
3.0
2.60206
3.0
3.30103
3.30103
3.30103
3.30103
3.30103
3.30103
2.5228786
2.30103
3.0
2.60206
3.30103
3.0
3.30103
3.30103
3.30103
3.30103
2.455932
2.8239088
3.0
3.30103
3.30103
3.30103
3.0
3.30103
3.0
3.30103
2.455932
3.30103
3.30103
3.0
2.60206
2.8239088
3.0
2.30103
2.8239088
3.0
2.30103
3.30103
2.69897
3.30103
3.30103
2.8239088
3.0
3.30103
2.8239088
2.69897
2.8239088
2.8239088
3.30103
3.0
3.30103
2.8239088
2.8239088
3.30103
2.60206
3.0
3.0
3.0
3.30103
2.60206
2.2596374
3.30103
3.30103
3.30103
3.0
2.69897
3.30103
3.30103
2.69897
2.8239088
3.0
2.455932
3.0
2.8239088
3.30103
2.8239088
2.455932
2.69897
2.60206
2.8239088
2.60206
3.30103
3.0
3.0
3.0
2.2218487
2.8239088
3.0
3.30103
3.30103
2.60206
2.60206
3.30103
3.30103
2.8239088
3.0
3.30103
3.30103
2.8239088
3.30103
3.30103
3.30103
3.0
3.30103
3.0
3.0
3.30103
3.0
2.60206
2.5228786
2.5228786
2.8239088
3.0
2.455932
3.30103
2.455932
2.455932
2.8239088
3.0
2.60206
3.30103
2.5228786
3.30103
3.0
2.8239088
3.30103
2.5228786
3.0
3.30103
2.69897
2.69897
3.0
3.30103
3.30103
3.30103
3.30103
3.30103
3.30103
2.455932
3.30103
3.30103
3.30103
3.30103
3.30103
3.0
3.30103
2.8239088
3.0
3.30103
3.30103
3.30103
3.30103
3.30103
3.30103
2.5228786
2.8239088
3.30103
3.30103
3.30103
3.0
3.30103
2.39794
3.30103
2.2596374
3.30103
2.60206
2.60206
2.455932
2.69897
2.8239088
2.455932
2.69897
3.0
2.8239088
2.8239088
3.30103
2.60206
2.69897
2.5228786
3.30103
2.8239088
2.60206
2.30103
3.30103
3.30103
3.30103
3.30103
3.0
3.30103
2.60206
3.30103
3.30103
3.30103
2.2596374
2.3467875
2.2218487
3.30103
3.30103
3.30103
3.0
2.69897
2.69897
3.30103
2.69897
3.0
3.30103
3.0
2.60206
3.30103
3.30103
3.30103
2.69897
3.0
3.30103
3.30103
3.30103
2.69897
2.8239088
3.30103
3.30103
3.30103
3.0
3.30103
3.30103
3.0
3.30103
2.60206
3.30103
3.0
3.30103
2.8239088
2.8239088
2.39794
3.0
3.30103
3.30103
2.8239088
3.0
2.39794
2.5228786
3.30103
3.30103
2.30103
2.8239088
2.39794
3.30103
3.30103
3.30103
3.30103
3.30103
3.30103
2.8239088
2.8239088
3.30103
3.30103
3.0
2.69897
3.30103
2.0457575
3.30103
3.0
3.30103
3.30103
2.60206
3.30103
3.30103
2.455932
2.8239088
3.30103
3.30103
2.8239088
3.0
3.30103
3.30103
3.30103
3.30103
3.0
2.8239088
3.30103
2.8239088
3.30103
3.30103
3.30103
3.30103
3.30103
3.0
3.30103
3.30103
2.60206
2.69897
3.30103
3.30103
3.0
2.69897
3.30103
3.30103
3.30103
3.30103
2.8239088
2.8239088
3.30103
2.60206
3.30103
2.8239088
2.60206
3.30103
3.30103
3.0
3.30103
3.0
3.0
3.30103
3.30103
3.30103
2.8239088
3.0
3.0
2.8239088
3.30103
3.30103
3.30103
3.30103
3.0
3.0
3.0
3.30103
3.30103
3.30103
3.30103
3.30103
3.30103
3.30103
3.30103
3.30103
2.5228786
3.30103
3.30103
3.30103
2.8239088
2.69897
3.30103
3.30103
3.30103
2.5228786
3.30103
2.30103
2.60206
3.30103
2.8239088
3.0
3.30103
3.0
3.30103
2.8239088
3.30103
2.39794
2.8239088
2.8239088
3.30103
2.69897
3.30103
3.30103
3.30103
3.30103
3.30103
3.30103
3.30103
2.60206
3.30103
2.69897
3.30103
2.5228786
3.0
2.3467875
2.8239088
3.30103
2.8239088
3.0
3.0
2.60206
2.39794
3.30103
2.8239088
2.69897
2.8239088
3.30103
3.0
3.30103
3.30103
2.60206
3.30103
3.30103
2.5228786
3.30103
3.0
3.30103
3.0
3.30103
3.30103
3.30103
2.69897
3.30103
3.30103
3.30103
3.30103
3.0
3.30103
3.0
3.30103
2.5228786
3.30103
3.30103
3.30103
2.60206
3.30103
3.0
3.30103
3.30103
3.30103
2.69897
2.8239088
3.0
2.455932
2.69897
3.30103
3.30103
3.30103
3.30103
3.30103
3.30103
3.30103
3.30103
3.30103
3.30103
2.69897
2.60206
2.455932
3.30103
3.30103
3.30103
3.30103
3.30103
3.30103
3.30103
2.8239088
2.8239088
2.8239088
2.60206
3.30103
3.30103
3.30103
3.30103
2.60206
2.1870866
3.0
3.30103
3.30103
2.455932
3.0
2.60206
3.0
3.30103
3.0
3.30103
2.69897
2.8239088
3.0
2.5228786
3.0
3.0
2.8239088
3.0
3.0
3.30103
3.30103
2.8239088
2.69897
3.30103
3.30103
3.30103
3.0
3.30103
3.30103
3.30103
3.30103
3.0
3.0
3.30103
3.30103
3.0
3.0
3.30103
3.0
3.30103
3.30103
3.30103
3.30103
2.8239088
3.30103
3.30103
3.30103
2.5228786
2.8239088
2.69897
3.0
2.30103
3.0
3.0
3.30103
3.30103
3.30103
2.8239088
3.0
2.69897
3.30103
3.0
3.30103
2.455932
3.30103
3.30103
2.60206
3.0
3.0
2.60206
3.30103
3.30103
3.30103
3.30103
3.30103
3.30103
2.8239088
3.30103
3.30103
3.30103
3.30103
3.30103
2.8239088
3.30103
3.30103
3.30103
3.30103
3.30103
3.30103
3.30103
3.30103
3.30103
3.0
2.8239088
2.69897
3.0
3.30103
2.69897
2.8239088
3.30103
3.30103
3.30103
3.30103
3.30103
2.39794
3.30103
3.30103
3.30103
2.8239088
3.30103
3.0
3.30103
2.455932
3.30103
3.30103
3.30103
3.0
3.30103
3.30103
3.30103
3.30103
3.0
3.30103
3.30103
2.60206
2.8239088
3.0
3.30103
3.0
3.30103
3.30103
3.30103
3.30103
2.8239088
2.69897
2.8239088
3.30103
3.30103
3.30103
3.0
3.30103
3.30103
3.30103
2.69897
3.0
3.30103
3.0
3.30103
2.69897
2.69897
2.8239088
3.30103
2.8239088
3.30103
3.30103
2.69897
3.0
2.60206
3.0
3.0
3.0
3.0
3.30103
3.0
3.30103
3.30103
3.30103
2.8239088
3.0
3.0
3.30103
3.30103
2.8239088
3.30103
3.0
3.30103
3.0
3.30103
3.0
2.455932
3.0
3.30103
3.30103
3.30103
3.30103
3.0
3.30103
3.0
3.30103
3.30103
2.69897
3.30103
3.30103
3.30103
2.8239088
2.69897
3.30103
3.0
3.30103
3.30103
3.30103
3.0
2.5228786
3.0
3.30103
3.30103
3.30103
3.0
3.0
3.30103
2.5228786
3.30103
3.0
3.30103
3.30103
3.0
2.60206
3.30103
3.30103
3.30103
3.30103
3.30103
2.60206
3.30103
3.30103
3.30103
3.30103
3.0
2.60206
3.30103
3.30103
3.30103
3.0
3.30103
2.8239088
3.30103
2.8239088
2.60206
3.0
2.8239088
3.30103
3.30103
3.30103
3.30103
3.30103
3.30103
3.0
2.69897
2.8239088
3.30103
3.30103
2.5228786
3.30103
2.8239088
3.30103
2.8239088
3.30103
2.60206
3.0
3.30103
3.30103
3.30103
3.30103
3.30103
2.60206
3.0
3.30103
2.39794
3.0
2.39794
3.0
2.3467875
3.0
3.30103
3.30103
3.30103
3.0
3.30103
3.0
3.30103
2.8239088
2.60206
3.30103
3.0
2.8239088
2.8239088
3.30103
3.0
3.30103
3.30103
3.30103
2.60206
3.30103
3.30103
2.8239088
2.8239088
2.8239088
2.8239088
2.8239088
3.30103
3.30103
3.30103
3.30103
3.30103
3.30103
3.30103
3.30103
3.30103
2.8239088
3.30103
3.30103
3.0
3.30103
3.30103
3.30103
3.0
2.69897
3.30103
3.30103
2.8239088
3.30103
3.30103
3.30103
3.30103
3.0
3.30103
3.30103
3.30103
3.30103
3.30103
3.30103
3.30103
3.30103
3.30103
3.30103
3.30103
2.3467875
3.30103
3.30103
3.30103
3.30103
3.0
3.0
3.30103
2.3467875
3.0
3.30103
3.30103
3.0
3.30103
3.30103
3.0
3.30103
2.8239088
2.39794
3.30103
3.30103
2.8239088
3.30103
3.30103
3.0
3.0
3.30103
3.0
3.30103
3.30103
3.30103
3.30103
3.0
3.30103
3.30103
2.5228786
2.60206
2.8239088
3.0
3.30103
3.0
3.30103
3.30103
3.0
3.30103
3.30103
3.30103
2.8239088
3.30103
3.30103
2.69897
3.0
3.0
3.30103
3.30103
3.30103
3.30103
2.8239088
2.8239088
2.69897
3.30103
2.2596374
3.30103
2.455932
3.0
3.30103
2.3467875
2.8239088
3.30103
3.30103
3.30103
3.30103
3.0
3.30103
3.30103
3.30103
3.0
2.69897
2.5228786
3.0
3.30103
3.30103
2.60206
3.0
3.0
3.30103
3.30103
3.30103
2.8239088
3.30103
2.39794
3.30103
3.0
3.30103
2.69897
2.69897
3.30103
3.30103
3.30103
2.8239088
3.30103
3.30103
3.30103
3.30103
3.30103
3.30103
3.0
3.30103
3.30103
3.30103
3.30103
3.30103
3.30103
3.30103
3.30103
2.60206
2.69897
3.0
3.0
3.0
3.30103
3.0
3.30103
2.60206
3.30103
3.30103
3.30103
3.30103
2.60206
3.30103
3.30103
2.8239088
3.30103
3.30103
3.30103
3.30103
3.30103
2.8239088
3.0
3.0
2.154902
3.30103
2.69897
3.0
3.30103
3.30103
3.30103
2.39794
3.0
3.30103
3.30103
3.30103
2.5228786
2.5228786
3.0
3.30103
3.30103
3.30103
2.69897
3.30103
3.30103
3.30103
3.30103
3.0
3.30103
3.30103
3.30103
3.30103
3.30103
3.30103
3.30103
3.30103
2.8239088
3.30103
3.30103
3.30103
3.30103
3.0
3.30103
3.30103
2.8239088
3.30103
3.30103
3.30103
3.30103
2.69897
2.69897
3.30103
2.5228786
3.30103
3.30103
3.30103
3.30103
3.30103
3.30103
2.69897
2.60206
2.8239088
3.30103
3.30103
3.30103
3.30103
3.30103
3.30103
2.69897
3.30103
3.30103
3.30103
3.30103
3.30103
3.30103
2.8239088
3.30103
3.30103
3.0
2.69897
3.30103
3.30103
2.69897
3.0
3.30103
2.1870866
3.0
2.5228786
3.30103
3.30103
3.30103
3.30103
3.0
2.69897
3.0
2.69897
3.0
3.30103
3.0
3.30103
3.0
3.0
3.30103
2.8239088
2.60206
3.30103
3.30103
3.30103
3.30103
2.60206
3.30103
3.30103
3.0
2.60206
3.30103
3.30103
3.0
3.0
3.30103
3.30103
3.30103
3.30103
3.30103
3.30103
3.30103
3.30103
3.30103
3.0
3.30103
3.30103
3.0
3.30103
3.30103
2.60206
3.30103
2.8239088
2.60206
3.30103
3.30103
3.30103
3.30103
3.30103
2.69897
3.30103
3.30103
3.0
3.0
3.0
3.30103
3.0
3.30103
3.30103
3.0
3.0
3.30103
3.0
3.30103
3.0
3.30103
2.69897
3.30103
2.3467875
3.30103
3.30103
3.30103
3.30103
3.30103
3.0
3.0
3.30103
3.30103
3.30103
3.0
2.8239088
3.0
3.30103
3.30103
3.30103
2.8239088
3.30103
3.30103
3.30103
3.30103
3.0
3.30103
3.30103
2.8239088
3.0
3.0
3.0
2.8239088
3.0
3.30103
3.0
3.30103
3.30103
3.30103
3.30103
3.30103
2.39794
3.30103
3.30103
3.30103
3.30103
3.30103
2.5228786
2.5228786
2.8239088
2.8239088
3.30103
3.30103
3.30103
3.30103
3.30103
3.30103
3.30103
3.30103
3.30103
2.455932
3.30103
3.30103
3.30103
3.30103
3.30103
3.0
2.8239088
2.5228786
2.69897
3.30103
2.60206
3.30103
3.30103
3.30103
3.30103
2.8239088
3.30103
3.0
3.30103
2.8239088
3.0
3.30103
3.30103
2.69897
3.0
3.30103
3.30103
2.2218487
3.0
3.0
3.30103
3.0
3.30103
3.30103
3.0
3.30103
3.30103
3.30103
3.30103
2.5228786
3.0
3.30103
3.30103
3.0
3.30103
3.30103
3.0
3.0
3.30103
3.30103
3.30103
3.0
3.30103
3.30103
3.0
2.8239088
3.30103
2.60206
3.30103
3.30103
3.30103
3.30103
3.30103
2.8239088
3.30103
3.30103
2.8239088
3.30103
3.30103
3.30103
3.30103
3.30103
3.30103
3.30103
2.60206
3.30103
3.30103
3.30103
3.30103
3.30103
3.30103
3.30103
3.30103
2.8239088
2.8239088
3.30103
3.30103
3.30103
2.8239088
3.30103
3.30103
2.8239088
3.30103
3.30103
3.30103
3.30103
2.8239088
3.0
3.30103
3.30103
3.30103
3.30103
3.30103
3.30103
3.0
3.30103
3.30103
2.8239088
2.8239088
2.60206
3.0
3.30103
3.0
3.30103
3.30103
3.30103
3.30103
3.30103
3.30103
2.8239088
3.30103
3.30103
3.30103
2.8239088
3.30103
2.39794
3.30103
3.30103
3.0
2.455932
3.30103
3.30103
3.30103
2.60206
2.69897
3.30103
3.30103
3.30103
3.30103
3.30103
3.30103
3.30103
3.30103
3.30103
3.30103
3.30103
3.30103
3.0
3.30103
3.30103
2.8239088
3.30103
3.30103
3.30103
3.30103
3.30103
3.30103
3.30103
3.30103
3.30103
3.30103
3.30103
2.8239088
3.30103
3.0
3.30103
2.8239088
2.69897
3.30103
2.69897
3.30103
3.30103
3.30103
2.8239088
3.30103
3.30103
3.30103
3.30103
2.69897
3.30103
3.30103
2.8239088
3.30103
3.0
3.30103
3.30103
3.30103
3.30103
3.30103
3.30103
3.30103
3.30103
3.30103
3.30103
3.30103
3.30103
2.8239088
2.69897
2.8239088
3.30103
3.30103
3.0
2.8239088
3.0
3.30103
3.0
2.8239088
3.30103
3.0
2.8239088
3.30103
3.0
3.0
3.30103
3.0
3.30103
3.30103
3.30103
3.30103
3.30103
2.69897
3.0
3.30103
3.30103
3.30103
3.30103
3.30103
2.5228786
3.30103
3.30103
3.0
3.30103
3.30103
3.30103
3.0
3.30103
2.69897
3.30103
2.8239088
2.8239088
2.8239088
2.8239088
2.60206
2.1249387
3.30103
3.0
3.0
3.0
3.0
3.0
2.1249387
2.8239088
3.30103
3.30103
3.30103
3.30103
2.8239088
3.30103
2.8239088
3.30103
3.30103
3.30103
2.8239088
2.5228786
2.1870866
2.5228786
3.30103
3.0
3.30103
2.8239088
3.30103
3.30103
2.60206
3.30103
3.30103
3.30103
3.30103
3.30103
3.0
3.0
2.39794
3.30103
3.30103
3.30103
3.30103
3.30103
3.30103
3.30103
2.8239088
2.8239088
2.60206
3.30103
3.30103
3.30103
3.30103
3.0
3.30103
3.30103
3.30103
3.30103
3.0
3.30103
2.5228786
3.30103
3.30103
3.30103
3.30103
3.30103
3.30103
3.30103
3.30103
2.8239088
3.30103
3.30103
3.30103
3.30103
3.0
3.0
3.30103
3.30103
3.30103
3.0
3.30103
3.0
3.30103
2.8239088
3.0
3.30103
3.30103
3.0
2.8239088
3.30103
3.30103
3.30103
3.30103
3.30103
3.0
3.30103
3.30103
3.30103
3.30103
2.60206
2.5228786
2.5228786
3.0
3.30103
3.30103
3.30103
3.0
3.30103
3.30103
3.0
3.30103
3.30103
3.30103
3.30103
3.30103
3.30103
3.30103
3.30103
3.0
3.0
3.0
3.30103
3.30103
3.30103
3.30103
3.30103
3.30103
3.30103
3.30103
3.0
3.0
3.30103
3.30103
3.30103
3.30103
2.5228786
2.69897
3.0
3.30103
3.30103
3.30103
3.30103
3.0
3.30103
3.30103
3.30103
3.30103
3.30103
3.30103
3.0
3.30103
2.8239088
3.0
2.60206
3.30103
3.30103
3.30103
2.8239088
3.0
3.30103
2.8239088
3.30103
3.30103
2.69897
3.30103
3.30103
3.0
2.8239088
3.30103
3.30103
3.0
3.30103
2.8239088
3.30103
2.8239088
3.30103
3.30103
2.8239088
2.60206
3.0
2.8239088
3.30103
3.30103
3.30103
3.30103
3.30103
3.30103
3.30103
3.30103
3.0
3.30103
3.0
3.0
3.30103
2.69897
3.30103
3.30103
3.30103
3.30103
3.30103
3.30103
3.30103
3.30103
3.30103
3.30103
3.30103
3.30103
3.30103
3.30103
3.30103
3.30103
3.30103
3.30103
2.8239088
2.5228786
2.8239088
3.30103
3.30103
3.30103
3.30103
3.30103
3.30103
3.0
2.69897
3.30103
3.30103
3.30103
3.30103
3.30103
3.30103
3.0
3.30103
2.8239088
3.30103
3.30103
2.5228786
3.30103
3.30103
3.30103
3.30103
2.8239088
3.30103
3.30103
3.30103
3.0
3.30103
3.30103
3.30103
3.30103
3.0
3.30103
3.30103
3.30103
3.30103
3.30103
3.30103
3.0
3.30103
3.30103
2.8239088
3.30103
3.0
3.0
3.0
2.8239088
3.30103
3.30103
3.30103
3.30103
3.30103
2.8239088
3.30103
2.60206
3.0
3.30103
3.30103
3.30103
3.30103
3.30103
3.30103
2.5228786
3.30103
3.0
3.30103
3.30103
3.30103
3.30103
3.0
3.30103
3.30103
3.30103
3.30103
3.30103
3.30103
3.30103
2.8239088
3.30103
2.8239088
2.8239088
3.30103
2.455932
3.0
3.30103
3.30103
3.30103
3.0
3.0
3.0
3.30103
3.0
3.30103
3.30103
3.0
3.30103
3.30103
2.60206
3.30103
3.30103
3.30103
3.30103
3.30103
2.69897
3.0
3.30103
3.30103
3.30103
3.30103
3.30103
3.0
3.30103
3.30103
3.30103
2.5228786
3.30103
3.30103
3.0
3.0
3.30103
3.30103
3.30103
3.0
3.0
2.69897
3.30103
3.30103
3.30103
3.30103
3.30103
3.30103
3.30103
3.30103
2.69897
2.5228786
3.30103
3.0
3.30103
3.30103
3.30103
3.30103
3.0
3.30103
3.30103
3.30103
2.69897
2.8239088
3.30103
3.0
3.0
3.0
3.0
3.30103
3.30103
3.30103
3.30103
3.0
3.30103
3.30103
3.30103
2.8239088
2.455932
3.30103
3.0
3.30103
3.0
3.0
3.0
3.30103
3.30103
3.0
3.0
2.8239088
3.30103
3.30103
3.30103
3.30103
3.30103
3.30103
3.30103
3.30103
3.30103
3.30103
3.30103
3.30103
3.30103
3.30103
3.30103
3.30103
3.30103
2.8239088
3.30103
3.30103
3.30103
3.30103
3.30103
3.30103
3.0
2.8239088
3.30103
3.30103
2.8239088
3.30103
3.30103
3.30103
3.30103
3.30103
3.30103
3.30103
2.60206
3.30103
3.30103
3.0
3.0
3.0
3.30103
3.0
3.0
3.0
3.0
3.30103
3.30103
3.30103
3.30103
3.30103
3.30103
3.30103
3.30103
2.60206
2.8239088
2.8239088
3.30103
3.30103
3.30103
3.30103
3.30103
3.30103
3.30103
3.30103
3.0
3.30103
3.0
3.30103
3.30103
2.8239088
3.30103
3.30103
3.30103
3.0
3.30103
3.30103
3.30103
3.0
3.0
3.30103
3.30103
3.0
3.30103
2.8239088
3.30103
3.30103
3.30103
3.30103
3.30103
3.0
3.30103
3.0
3.0
3.30103
3.30103
3.30103
3.0
3.30103
3.30103
3.0
3.0
3.30103
3.0
3.30103
3.30103
2.60206
3.30103
3.30103
3.0
3.30103
3.30103
3.30103
3.0
3.30103
3.30103
3.0
3.0
3.0
3.30103
3.30103
3.30103
3.30103
3.30103
3.30103
3.30103
3.30103
3.30103
3.30103
3.30103
3.30103
3.30103
3.30103
3.30103
3.30103
3.0
3.30103
3.30103
3.0
3.30103
3.30103
3.30103
3.30103
3.30103
3.30103
3.30103
3.0
3.30103
3.0
3.30103
3.30103
3.30103
3.0
3.30103
3.30103
3.30103
3.30103
3.30103
3.30103
3.30103
3.30103
2.8239088
3.30103
3.30103
3.30103
3.30103
3.30103
3.30103
2.8239088
3.0
3.30103
3.30103
3.30103
3.30103
3.30103
3.30103
2.8239088
3.30103
3.30103
3.30103
3.30103
3.30103
3.30103
3.30103
3.30103
3.0
3.0
2.2218487
3.30103
3.30103
3.0
3.0
3.30103
3.30103
3.30103
2.60206
3.30103
3.30103
3.30103
3.30103
3.0
3.30103
3.30103
3.30103
3.30103
3.30103
3.30103
3.0
3.30103
3.0
3.30103
3.30103
3.30103
3.0
3.0
3.30103
3.0
3.30103
3.30103
2.8239088
3.0
3.30103
3.30103
3.30103
3.30103
3.30103
3.30103
3.0
3.30103
3.30103
3.30103
3.0
3.30103
3.30103
3.30103
3.30103
3.0
3.30103
3.30103
3.30103
3.30103
2.8239088
3.30103
2.69897
3.30103
2.69897
2.69897
3.30103
3.30103
3.30103
3.30103
3.30103
3.30103
3.30103
3.30103
3.30103
3.30103
3.30103
3.30103
3.30103
3.30103
3.30103
3.30103
2.8239088
3.0
3.30103
3.30103
3.30103
3.30103
3.0
3.30103
3.0
3.30103
3.30103
3.30103
3.30103
3.0
3.30103
3.0
3.0
2.8239088
2.69897
3.30103
3.30103
3.30103
3.0
3.0
3.30103
2.8239088
3.30103
3.30103
3.30103
3.0
3.30103
3.30103
3.30103
3.30103
3.30103
3.0
3.30103
3.30103
3.30103
3.30103
3.0
3.0
3.30103
3.30103
3.30103
3.0
3.30103
2.8239088
3.30103
3.30103
3.0
3.30103
3.0
3.30103
3.0
2.8239088
3.30103
3.30103
3.30103
3.0
3.30103
3.0
3.30103
3.30103
3.30103
3.30103
3.30103
2.8239088
3.0
3.0
3.30103
3.30103
3.30103
3.30103
3.30103
3.0
3.30103
3.0
3.30103
3.30103
3.30103
3.30103
3.30103
3.30103
3.30103
3.30103
3.30103
3.0
3.30103
3.30103
3.30103
3.30103
3.30103
3.30103
3.30103
3.30103
3.30103
3.30103
3.30103
3.0
3.30103
3.0
3.0
3.30103
3.0
3.0
3.0
3.0
3.30103
3.30103
3.30103
3.0
3.30103
3.30103
3.30103
3.30103
3.30103
3.30103
3.30103
3.30103
3.30103
3.30103
3.0
3.30103
3.30103
3.30103
3.30103
3.30103
3.30103
3.0
3.30103
3.0
3.30103
3.30103
3.0
3.30103
3.30103
3.30103
3.30103
3.30103
3.30103
3.30103
3.30103
3.30103
3.30103
3.0
3.30103
3.30103
3.30103
2.69897
2.8239088
3.30103
3.30103
2.8239088
3.0
3.30103
3.30103
3.30103
3.30103
2.60206
3.30103
3.30103
2.455932
3.0
3.30103
3.30103
3.0
3.30103
3.30103
3.30103
3.30103
3.30103
3.30103
3.30103
3.30103
3.30103
3.30103
3.30103
3.30103
3.30103
3.30103
3.30103
3.0
3.30103
3.30103
3.30103
3.0
3.30103
3.0
3.0
3.0
3.30103
3.30103
3.30103
3.30103
3.0
3.30103
3.30103
3.30103
3.0
3.30103
3.30103
2.60206
3.30103
3.30103
3.30103
3.30103
3.0
3.30103
3.30103
3.30103
3.30103
3.0
3.0
3.0
3.30103
3.30103
3.30103
3.30103
2.69897
3.0
2.8239088
3.30103
3.30103
3.30103
3.30103
3.30103
3.30103
3.30103
2.8239088
3.30103
3.30103
3.0
3.30103
3.30103
3.30103
3.0
3.30103
3.30103
3.30103
3.30103
3.30103
3.30103
3.30103
3.0
3.30103
3.0
3.30103
3.30103
3.30103
3.30103
3.30103
3.30103
3.30103
3.30103
3.30103
3.30103
3.30103
3.30103
3.30103
3.30103
3.30103
3.30103
3.0
3.30103
3.30103
3.30103
3.30103
3.30103
3.30103
3.30103
3.30103
3.30103
3.30103
3.30103
3.30103
3.30103
3.0
3.30103
3.30103
3.30103
3.30103
3.30103
3.30103
3.30103
3.30103
3.30103
3.30103
3.30103
3.30103
3.30103
3.30103
3.30103
3.30103
3.30103
3.30103
3.0
3.30103
3.0
3.30103
3.0
3.30103
3.30103
2.8239088
3.30103
2.8239088
3.30103
3.30103
3.0
2.8239088
3.30103
3.30103
3.30103
3.30103
3.30103
3.30103
3.30103
2.8239088
3.30103
3.30103
3.30103
2.8239088
3.30103
3.0
3.30103
3.30103
3.30103
3.30103
3.30103
3.30103
3.30103
3.30103
3.30103
3.30103
3.0
3.30103
3.30103
3.0
3.0
3.30103
3.0
3.30103
2.8239088
2.8239088
3.30103
3.30103
3.30103
3.30103
3.0
3.30103
3.30103
3.30103
3.0
3.30103
3.30103
3.0
3.30103
3.30103
3.30103
3.30103
3.0
3.30103
3.30103
3.30103
3.30103
3.30103
3.30103
3.30103
3.30103
3.30103
3.30103
3.30103
3.30103
3.30103
3.30103
3.30103
3.30103
3.30103
2.8239088
3.30103
3.30103
3.0
3.30103
3.0
3.30103
3.30103
3.0
2.8239088
3.30103
3.30103
3.30103
3.30103
3.30103
3.30103
3.30103
3.30103
3.30103
3.30103
3.30103
2.8239088
3.30103
3.30103
3.30103
3.30103
3.30103
2.69897
3.30103
3.30103
2.8239088
2.8239088
3.30103
3.30103
3.30103
3.0
3.30103
3.0
3.30103
3.30103
3.30103
3.30103
3.30103
3.30103
3.30103
3.30103
3.30103
3.30103
3.30103
3.30103
3.30103
3.30103
3.30103
3.30103
3.30103
2.69897
3.0
3.30103
3.30103
3.0
3.30103
3.30103
3.0
3.0
3.0
3.30103
3.0
3.30103
3.30103
3.30103
3.30103
3.30103
3.30103
3.30103
3.30103
3.30103
3.0
3.30103
3.30103
3.30103
3.30103
3.30103
3.30103
2.8239088
2.8239088
3.30103
3.30103
3.30103
3.30103
3.30103
3.30103
3.30103
3.30103
3.30103
3.30103
3.0
3.30103
3.30103
3.0
3.30103
3.30103
3.30103
3.30103
3.30103
3.30103
3.0
3.0
3.30103
3.30103
3.30103
3.30103
3.30103
3.0
3.30103
3.30103
3.30103
3.0
3.30103
3.0
3.30103
3.30103
3.30103
3.30103
3.0
3.30103
3.30103
3.30103
3.30103
3.30103
3.30103
3.30103
3.30103
3.30103
3.30103
3.30103
3.30103
3.0
3.30103
3.30103
3.30103
3.30103
2.8239088
2.60206
3.30103
3.30103
3.30103
3.30103
3.30103
3.30103
3.0
3.30103
2.8239088
3.30103
3.30103
3.0
3.0
3.30103
3.30103
3.30103
3.30103
3.30103
3.30103
3.30103
3.30103
3.0
3.30103
3.30103
3.30103
3.30103
3.30103
3.30103
2.8239088
3.30103
3.0
3.30103
3.30103
3.30103
3.30103
3.0
3.0
3.30103
3.30103
3.0
3.0
2.8239088
3.0
2.8239088
3.30103
3.0
3.30103
3.30103
3.30103
3.30103
3.30103
3.30103
3.30103
3.30103
3.30103
3.30103
3.30103
3.30103
3.30103
3.30103
3.30103
3.30103
3.0
3.30103
3.30103
3.30103
3.30103
3.30103
2.8239088
2.8239088
2.8239088
3.30103
3.30103
3.30103
3.30103
3.0
3.30103
3.30103
3.30103
3.30103
3.30103
3.30103
3.30103
3.30103
3.30103
2.8239088
3.0
3.30103
3.30103
3.30103
3.30103
3.30103
3.30103
3.30103
3.30103
3.30103
3.30103
3.30103
3.30103
3.0
3.30103
3.30103
3.30103
3.30103
3.30103
3.30103
3.30103
3.30103
3.30103
3.30103
3.30103
2.8239088
3.30103
3.30103
3.30103
3.30103
3.30103
3.30103
3.30103
3.30103
3.30103
2.8239088
3.0
3.30103
3.30103
3.30103
2.8239088
3.0
3.0
3.30103
3.30103
3.30103
3.30103
2.8239088
3.30103
3.30103
3.30103
3.30103
3.30103
3.30103
3.30103
3.30103
3.30103
3.30103
3.30103
3.30103
2.69897
3.30103
2.69897
3.30103
3.30103
3.30103
3.30103
3.30103
3.30103
3.30103
3.0
3.30103
3.0
3.0
2.8239088
3.30103
3.30103
3.0
3.30103
3.30103
3.30103
3.30103
3.30103
3.30103
3.30103
3.30103
3.30103
3.30103
3.30103
3.30103
3.30103
3.30103
3.30103
3.30103
3.30103
3.30103
3.0
3.30103
3.30103
3.30103
3.30103
3.30103
3.30103
3.0
3.0
3.30103
3.30103
3.30103
3.30103
3.0
3.30103
3.30103
3.30103
3.30103
3.30103
3.30103
3.30103
3.30103
3.30103
3.30103
3.30103
3.30103
3.30103
3.30103
3.30103
3.30103
3.0
3.30103
3.30103
3.30103
3.30103
3.30103
3.30103
3.30103
2.8239088
3.30103
3.30103
3.0
3.30103
3.0
3.0
3.30103
3.30103
3.30103
3.0
3.30103
3.30103
3.30103
3.30103
3.30103
3.30103
3.30103
3.30103
3.30103
3.30103
3.30103
3.30103
3.30103
3.30103
3.30103
3.30103
3.30103
3.30103
3.30103
3.30103
3.30103
3.30103
3.30103
3.0
3.0
3.30103
3.30103
3.30103
3.30103
3.30103
3.30103
3.30103
3.0
3.30103
3.30103
3.30103
3.30103
3.30103
3.30103
3.30103
3.30103
3.30103
3.30103
3.30103
3.30103
3.30103
3.30103
3.30103
3.30103
3.30103
3.30103
3.30103
3.0
3.30103
3.30103
3.30103
3.0
3.30103
3.30103
3.30103
3.30103
3.30103
3.30103
3.30103
3.30103
2.8239088
3.30103
3.30103
3.30103
3.30103
3.0
3.30103
3.30103
3.30103
3.30103
3.30103
3.30103
3.30103
3.30103
3.30103
3.30103
3.30103
3.30103
3.30103
3.30103
3.30103
3.30103
3.30103
3.30103
3.30103
3.0
3.30103
3.30103
3.30103
3.30103
3.30103
3.30103
3.30103
3.30103
3.30103
3.30103
2.8239088
3.30103
3.30103
3.0
3.30103
3.30103
2.8239088
3.30103
3.0
3.30103
3.30103
3.30103
3.30103
3.30103
3.30103
3.30103
3.0
3.30103
3.30103
3.30103
3.30103
3.0
3.30103
3.30103
3.30103
3.0
3.30103
3.30103
3.30103
3.30103
3.30103
3.30103
3.30103
3.30103
3.30103
3.30103
3.30103
3.0
3.30103
3.30103
3.30103
3.30103
3.30103
3.30103
3.30103
3.30103
3.30103
3.30103
3.30103
3.0
3.30103
3.30103
3.30103
3.30103
3.30103
3.30103
3.30103
3.30103
3.30103
3.30103
3.30103
3.30103
3.30103
2.8239088
3.0
3.30103
3.30103
3.30103
3.30103
3.30103
3.30103
3.30103
3.30103
3.30103
3.30103
3.30103
3.30103
3.30103
3.30103
3.30103
3.30103
3.30103
3.30103
3.0
3.30103
3.30103
3.30103
3.0
3.0
3.30103
3.30103
3.30103
3.30103
3.30103
3.30103
3.30103
3.30103
3.30103
3.30103
3.30103
3.30103
3.30103
3.0
3.30103
3.30103
3.30103
3.30103
3.30103
3.30103
3.30103
3.30103
3.0
3.30103
3.30103
3.0
3.30103
3.30103
3.30103
3.30103
3.30103
3.30103
3.30103
2.8239088
3.30103
3.30103
3.30103
3.30103
3.30103
3.30103
3.30103
3.30103
3.0
3.30103
3.30103
3.30103
3.30103
3.30103
3.30103
3.30103
3.30103
3.30103
3.30103
3.30103
3.30103
3.30103
3.30103
3.30103
3.30103
3.30103
3.30103
3.30103
3.30103
3.30103
3.30103
3.30103
3.30103
3.30103
3.30103
3.30103
3.30103
3.30103
3.30103
3.30103
3.30103
3.30103
3.30103
3.30103
3.30103
3.0
3.30103
3.30103
2.8239088
3.30103
3.30103
3.30103
3.30103
3.30103
3.30103
3.30103
3.30103
3.30103
3.30103
3.30103
3.30103
3.30103
3.30103
3.30103
3.0
3.30103
3.30103
3.30103
3.30103
3.30103
3.0
3.30103
3.30103
3.30103
3.30103
3.30103
3.30103
3.30103
3.30103
3.0
3.30103
3.30103
3.30103
3.30103
3.30103
3.30103
3.30103
3.30103
3.30103
3.30103
3.30103
3.30103
3.30103
3.30103
3.30103
3.30103
3.30103
3.0
3.30103
3.30103
3.30103
3.30103
3.30103
3.30103
3.30103
3.30103
3.30103
3.0
3.30103
3.30103
3.30103
3.30103
3.30103
3.30103
3.30103
3.30103
3.30103
3.0
3.30103
3.30103
3.30103
2.69897
3.30103
3.0
3.0
3.30103
3.30103
3.30103
3.30103
3.30103
3.30103
3.30103
3.30103
3.0
3.30103
3.30103
3.30103
3.30103
2.8239088
3.30103
3.30103
3.30103
3.30103
3.30103
3.30103
3.30103
3.30103
3.30103
3.30103
3.30103
3.30103
3.30103
3.0
3.30103
3.30103
3.30103
3.30103
3.30103
3.30103
3.30103
3.30103
3.0
3.30103
3.30103
3.30103
3.30103
3.30103
3.30103
3.30103
3.30103
3.30103
3.30103
3.30103
3.0
3.30103
3.30103
3.30103
3.30103
3.30103
3.30103
3.30103
3.30103
3.30103
3.30103
3.30103
3.30103
3.30103
3.30103
3.30103
3.0
3.30103
3.30103
3.30103
3.30103
3.30103
3.30103
3.30103
3.30103
3.30103
3.30103
3.30103
3.30103
3.30103
3.30103
3.30103
3.30103
3.30103
3.30103
3.30103
3.0
3.30103
3.30103
3.30103
3.30103
3.30103
3.30103
3.30103
3.30103
3.30103
3.30103
3.30103
3.30103
2.60206
3.30103
3.30103
3.30103
3.30103
3.30103
3.30103
3.30103
3.30103
3.30103
3.30103
3.30103
3.30103
3.30103
3.30103
3.30103
3.30103
3.30103
3.30103
3.30103
3.30103
3.30103
3.30103
3.30103
3.30103
3.30103
3.30103
3.30103
3.30103
3.30103
3.30103
3.30103
3.30103
2.8239088
3.30103
3.30103
3.30103
3.30103
3.30103
3.0
3.30103
3.30103
3.30103
3.30103
3.30103
3.30103
3.30103
3.30103
3.30103
3.30103
3.30103
3.30103
3.30103
3.30103
3.30103
3.30103
2.2218487
3.30103
3.30103
3.30103
3.30103
3.30103
3.30103
3.30103
3.30103
3.30103
3.30103
3.30103
2.8239088
3.0
3.30103
3.30103
3.30103
3.30103
3.30103
3.30103
3.30103
3.30103
3.30103
3.30103
3.30103
3.30103
3.30103
3.30103
3.30103
3.30103
3.0
3.30103
3.30103
3.30103
3.30103
3.30103
3.30103
3.30103
3.30103
3.30103
3.30103
3.30103
3.30103
3.30103
3.30103
3.30103
3.30103
3.30103
3.30103
3.30103
3.30103
3.30103
3.30103
3.30103
3.30103
3.30103
3.30103
3.30103
3.30103
3.30103
3.30103
3.0
3.30103
3.30103
3.30103
3.30103
3.30103
3.30103
3.30103
3.30103
3.30103
3.30103
3.30103
3.30103
2.39794
3.30103
3.30103
3.30103
3.30103
3.30103
3.30103
3.30103
3.30103
3.30103
3.0
3.30103
3.30103
3.30103
3.30103
3.30103
3.30103
3.30103
3.30103
3.30103
3.30103
3.30103
3.30103
3.30103
3.30103
3.30103
3.30103
3.30103
3.30103
3.30103
3.30103
3.30103
3.30103
3.30103
3.30103
3.30103
3.30103
3.30103
3.30103
3.30103
3.30103
3.30103
3.30103
3.30103
3.30103
3.30103
3.30103
3.30103
3.30103
3.30103
3.30103
3.30103
3.30103
3.30103
3.30103
3.30103
3.30103
3.30103
3.30103
3.30103
3.30103
3.30103
3.30103
3.30103
3.30103
3.30103
3.30103
3.30103
3.30103
3.30103
3.30103
3.30103
3.30103
3.30103
3.30103
3.30103
3.30103
3.30103
3.30103
3.30103
3.30103
3.30103
3.30103
3.30103
3.30103
3.30103
3.30103
3.30103
3.0
3.30103
3.30103
3.30103
3.30103
3.30103
3.30103
3.30103
3.30103
3.30103
3.30103
3.30103
3.30103
3.30103
3.30103
3.30103
3.30103
3.30103
3.30103
3.30103
3.30103
3.30103
3.30103
3.30103
3.30103
3.30103
3.30103
3.30103
3.30103
3.30103
3.30103
3.30103
3.30103
3.30103
3.30103
3.30103
3.30103
3.30103
3.30103
3.30103
3.30103
3.30103
3.30103
3.30103
3.30103
3.30103
3.30103
3.30103
3.30103
3.30103
3.30103
3.30103
3.30103
3.30103
3.30103
3.30103
3.30103
3.30103
3.0
3.0
3.30103
3.30103
3.30103
3.30103
3.30103
3.30103
3.30103
3.30103
3.30103
3.30103
3.30103
3.0
3.30103
3.30103
3.30103
3.30103
3.30103
3.30103
3.30103
3.30103
3.30103
3.30103
3.0
3.30103
3.30103
3.0
3.30103
3.30103
3.30103
3.30103
3.30103
3.30103
3.30103
3.30103
3.30103
3.30103
3.30103
3.30103
3.30103
3.30103
3.30103
3.30103
3.30103
3.30103
3.30103
3.30103
3.30103
3.30103
3.30103
3.30103
3.30103
3.30103
3.30103
3.30103
3.0
3.30103
3.0
3.30103
3.30103
3.30103
3.30103
3.30103
3.30103
3.30103
3.30103
3.30103
3.30103
3.30103
3.30103
3.30103
3.30103
3.30103
3.30103
3.0
3.30103
3.30103
3.30103
3.30103
3.30103
3.30103
3.30103
3.30103
3.30103
3.30103
3.30103
3.30103
3.30103
3.30103
3.30103
3.30103
3.30103
3.30103
3.30103
3.30103
3.30103
3.30103
3.30103
3.30103
3.30103
3.30103
3.30103
3.30103
3.30103
3.30103
3.30103
3.30103
3.30103
3.30103
3.30103
3.30103
3.30103
3.30103
3.30103
3.30103
3.30103
3.30103
3.30103
3.30103
3.0
2.8239088
3.30103
3.30103
3.0
3.30103
3.30103
3.30103
3.30103
3.30103
3.30103
3.30103
3.30103
3.30103
3.30103
3.30103
3.30103
3.30103
3.30103
3.30103
3.30103
3.30103
3.30103
3.30103
3.30103
3.30103
3.30103
3.30103
3.30103
3.30103
3.30103
3.30103
3.30103
3.30103
3.30103
3.30103
3.30103
3.30103
3.30103
3.30103
3.30103
3.30103
3.30103
3.30103
3.30103
3.30103
3.30103
3.30103
3.30103
3.30103
3.30103
3.30103
3.30103
3.30103
3.30103
3.30103
3.30103
3.30103
3.30103
3.30103
3.30103
3.0
3.30103
3.30103
3.30103
3.30103
3.30103
3.0
3.30103
3.30103
3.0
3.30103
3.30103
3.0
3.30103
3.30103
3.30103
3.0
3.30103
3.30103
3.30103
3.30103
3.30103
3.30103
3.30103
3.30103
3.30103
3.30103
3.30103
3.30103
3.30103
3.30103
3.30103
3.30103
3.30103
3.30103
3.30103
3.30103
3.30103
3.30103
3.30103
3.30103
3.30103
3.30103
3.30103
3.30103
3.30103
3.30103
3.30103
3.30103
3.30103
3.30103
3.30103
3.30103
3.30103
3.30103
3.30103
3.30103
3.30103
3.30103
3.30103
3.30103
3.30103
3.30103
3.30103
3.30103
3.30103
3.30103
3.30103
3.30103
3.30103
3.30103
3.30103
3.30103
3.30103
3.30103
3.30103
3.30103
3.30103
3.30103
3.30103
3.30103
3.30103
3.30103
3.30103
3.0
3.30103
3.30103
3.30103
3.30103
3.0
3.30103
3.30103
3.30103
3.30103
3.30103
3.30103
3.30103
3.30103
3.30103
3.30103
3.30103
3.30103
3.30103
3.30103
3.30103
3.30103
3.30103
3.30103
3.30103
3.30103
3.30103
3.30103
3.30103
3.30103
3.30103
3.30103
3.30103
3.30103
3.30103
3.30103
3.30103
3.30103
3.30103
3.0
3.30103
3.30103
3.30103
3.30103
3.30103
3.30103
3.30103
3.0
3.0
